3.400000000000000244e-01 3.439999999999999725e-01 1.499999999999999944e-01
3.900000000000000133e-01 3.439999999999999725e-01 2.000000000000000111e-01
4.400000000000000577e-01 3.439999999999999725e-01 1.499999999999999944e-01
4.400000000000000577e-01 3.439999999999999725e-01 2.000000000000000111e-01
4.900000000000000466e-01 3.439999999999999725e-01 2.000000000000000111e-01
5.400000000000000355e-01 3.439999999999999725e-01 2.000000000000000111e-01
3.400000000000000244e-01 3.940000000000000169e-01 1.499999999999999944e-01
3.400000000000000244e-01 3.940000000000000169e-01 2.000000000000000111e-01
3.900000000000000133e-01 3.940000000000000169e-01 1.499999999999999944e-01
3.900000000000000133e-01 3.940000000000000169e-01 2.000000000000000111e-01
4.400000000000000577e-01 3.940000000000000169e-01 1.499999999999999944e-01
4.400000000000000577e-01 3.940000000000000169e-01 2.000000000000000111e-01
4.900000000000000466e-01 3.940000000000000169e-01 2.000000000000000111e-01
5.400000000000000355e-01 3.940000000000000169e-01 2.000000000000000111e-01
3.400000000000000244e-01 4.439999999999999503e-01 2.000000000000000111e-01
3.900000000000000133e-01 4.439999999999999503e-01 1.499999999999999944e-01
3.900000000000000133e-01 4.439999999999999503e-01 2.000000000000000111e-01
4.400000000000000577e-01 4.439999999999999503e-01 1.499999999999999944e-01
4.400000000000000577e-01 4.439999999999999503e-01 2.000000000000000111e-01
4.900000000000000466e-01 4.439999999999999503e-01 1.499999999999999944e-01
4.900000000000000466e-01 4.439999999999999503e-01 2.000000000000000111e-01
5.400000000000000355e-01 4.439999999999999503e-01 2.000000000000000111e-01
3.400000000000000244e-01 4.939999999999999947e-01 1.499999999999999944e-01
3.400000000000000244e-01 4.939999999999999947e-01 2.000000000000000111e-01
3.900000000000000133e-01 4.939999999999999947e-01 1.499999999999999944e-01
3.900000000000000133e-01 4.939999999999999947e-01 2.000000000000000111e-01
4.400000000000000577e-01 4.939999999999999947e-01 1.499999999999999944e-01
4.400000000000000577e-01 4.939999999999999947e-01 2.000000000000000111e-01
4.900000000000000466e-01 4.939999999999999947e-01 2.000000000000000111e-01
3.400000000000000244e-01 5.440000000000000391e-01 1.499999999999999944e-01
3.400000000000000244e-01 5.440000000000000391e-01 2.000000000000000111e-01
3.900000000000000133e-01 5.440000000000000391e-01 1.499999999999999944e-01
3.900000000000000133e-01 5.440000000000000391e-01 2.000000000000000111e-01
4.400000000000000577e-01 5.440000000000000391e-01 2.000000000000000111e-01
