-5.612853236098444221e+00 -1.386551117924297216e+02 5.360000000000000000e+02
-4.279713992707382886e+01 -1.210063911675010786e+02 4.830000000000000000e+02
-8.000025719494723830e+01 -7.945285800485982008e+01 5.260000000000000000e+02
-7.953597636410989935e+01 -9.149883559744938566e+01 4.770000000000000000e+02
-1.181368163172287922e+02 -6.296201666693845311e+01 4.730000000000000000e+02
-1.582724687459304391e+02 -3.273933527944029009e+01 4.710000000000000000e+02
2.459946444849590108e+01 -1.031989546470098702e+02 5.290000000000000000e+02
2.471631560098971647e+01 -1.150143723805019533e+02 4.810000000000000000e+02
-1.240497460606849067e+01 -7.372746457052461722e+01 5.280000000000000000e+02
-1.205860138038806362e+01 -8.659475855770639896e+01 4.800000000000000000e+02
-5.003216239093630691e+01 -4.428268236598768937e+01 5.260000000000000000e+02
-4.971552611017058609e+01 -5.613806813548817587e+01 4.740000000000000000e+02
-8.850264194556581288e+01 -2.659442097881569111e+01 4.710000000000000000e+02
-1.288636378434691778e+02 4.121381627228108968e+00 4.700000000000000000e+02
5.587347148066155000e+01 -7.916091097376015284e+01 4.730000000000000000e+02
1.913889666623258634e+01 -3.791415874361942429e+01 5.210000000000000000e+02
1.883555313191822123e+01 -5.040596389373602193e+01 4.710000000000000000e+02
-1.898873551243650581e+01 -8.160537516919706746e+00 5.200000000000000000e+02
-1.869304271389503214e+01 -2.040608946656011113e+01 4.700000000000000000e+02
-5.792609714806614107e+01 2.321636034508065194e+01 5.200000000000000000e+02
-5.722063094152883878e+01 1.016598770364814186e+01 4.660000000000000000e+02
-9.700630290402393996e+01 4.190369705963893665e+01 4.640000000000000000e+02
8.766116193514780264e+01 -3.159843604755458202e+01 5.150000000000000000e+02
8.671971448105222180e+01 -4.369721456644757751e+01 4.650000000000000000e+02
5.047907279593697183e+01 -1.355168870986146246e+00 5.120000000000000000e+02
5.038685864044797569e+01 -1.412236827084589486e+01 4.650000000000000000e+02
1.302486977471025220e+01 2.881615486227760314e+01 5.140000000000000000e+02
1.248619774710249075e+01 1.614108351408210140e+01 4.630000000000000000e+02
-2.583932315405651181e+01 4.764721701267144027e+01 4.610000000000000000e+02
1.197822030863393650e+02 4.463368613317249434e+00 5.090000000000000000e+02
1.187342427399401004e+02 -7.969112346907150091e+00 4.600000000000000000e+02
8.233499804662065458e+01 3.510741531988454511e+01 5.080000000000000000e+02
8.189214904284412455e+01 2.254037900161451446e+01 4.550000000000000000e+02
4.505651614793593041e+01 5.394133792136205585e+01 4.570000000000000000e+02
