3.150000000000000000e+02 8.700000000000000000e+01
2.670000000000000000e+02 9.200000000000000000e+01
2.280000000000000000e+02 1.530000000000000000e+02
2.190000000000000000e+02 1.280000000000000000e+02
1.680000000000000000e+02 1.640000000000000000e+02
1.150000000000000000e+02 2.030000000000000000e+02
3.500000000000000000e+02 1.260000000000000000e+02
3.530000000000000000e+02 9.900000000000000000e+01
3.070000000000000000e+02 1.600000000000000000e+02
3.060000000000000000e+02 1.350000000000000000e+02
2.630000000000000000e+02 1.940000000000000000e+02
2.570000000000000000e+02 1.730000000000000000e+02
2.060000000000000000e+02 2.110000000000000000e+02
1.530000000000000000e+02 2.510000000000000000e+02
3.940000000000000000e+02 1.430000000000000000e+02
3.440000000000000000e+02 2.010000000000000000e+02
3.460000000000000000e+02 1.800000000000000000e+02
2.990000000000000000e+02 2.360000000000000000e+02
2.970000000000000000e+02 2.190000000000000000e+02
2.530000000000000000e+02 2.730000000000000000e+02
2.460000000000000000e+02 2.590000000000000000e+02
1.930000000000000000e+02 3.010000000000000000e+02
4.260000000000000000e+02 2.080000000000000000e+02
4.360000000000000000e+02 1.880000000000000000e+02
3.820000000000000000e+02 2.440000000000000000e+02
3.880000000000000000e+02 2.270000000000000000e+02
3.370000000000000000e+02 2.800000000000000000e+02
3.380000000000000000e+02 2.670000000000000000e+02
2.870000000000000000e+02 3.090000000000000000e+02
4.660000000000000000e+02 2.510000000000000000e+02
4.800000000000000000e+02 2.350000000000000000e+02
4.210000000000000000e+02 2.880000000000000000e+02
4.320000000000000000e+02 2.760000000000000000e+02
3.820000000000000000e+02 3.180000000000000000e+02
